13869
11435
8781
7929
11167
9044
8457
6957
8513
7889
5787
8141
9302
9532
9888
9925
9947
8456
7089
6828
5002
6476
6430
6720
7318
6862
5002
6130
7259
7271
6260
6672
6694
6657
6652
6686
6649
6645
6687
6693
5531
4996
4948
4117
4046
4567
5244
5334
5119
5106
4109
3538
3685
3065
3510
4014
3294
3943
4096
4422
3395
3827
2932
3108
4204
3578
3403
3564
4581
5292
3430
3090
3550
3255
4784
4705
3428
3834
4066
4053
5385
4102
4381
4358
4788
4741
4812
3858
3947
4975
4441
4983
5162
5082
4359
3654
3319
4081
4835
3365
8228
6250
10502
9953
7433
7801
7383
7745
7491
9479
5068
5404
6041
6676
4776
6984
6161
7166
6341
5540
6001
6687
6664
6660
6369
5179
5717
5848
5707
6020
4704
5897
5619
4345
4155
4387
4539
4400
4884
5578
4879
6387
4858
4863
4881
4873
4624
3470
3446
3162
4490
5171
5112
5049
5197
4997
4998
5015
4995
5000
5268
5390
5456
5703
5685
5154
4262
3673
3491
3651
4690
4783
4799
4782
5410
5228
5240
5696
5676
5223
3608
4772
4702
5128
5057
4943
5295
5368
5330
5299
3482
3791
3651
3274
4059
3765
3532
3499
3773
3294
5810
5859
7424
7503
7482
6294
7462
8099
8095
8121
5140
6764
7361
7018
5391
5079
5242
5124
4501
5025
4839
6247
6465
6295
4791
4607
4357
4616
4224
4243
3426
4114
4060
5137
5104
5407
5164
5358
5163
5166
3729
4670
4810
4820
4774
4930
5241
4600
4084
3736
3498
3725
5474
5617
5850
5452
5300
4829
4117
3588
3262
3482
4651
4709
4790
5142
5592
4385
3750
3067
2881
3517
4205
4081
4493
4563
4625
4995
5415
5452
2705
3773
4752
4527
5164
4876
4884
9193
3898
4141
3400
4343
4652
5092
5234
5231
5184
4471
4910
5228
6691
6165
6012
7948
6145
5455
5717
6122
7748
7789
4190
4639
4578
5426
6403
6590
6549
6570
5217
4806
3958
4709
4923
4954
5369
5397
5451
5587
5358
4299
3834
4072
4341
4812
5089
5361
5560
6007
6020
6031
4320
3200
3574
4366
4626
5142
5605
5611
5565
5613
3611
3404
4562
5267
5280
5275
5258
5343
5380
5257
5355
5338
5489
5331
5490
5719
5832
5827
5775
5794
3842
4565
5673
5330
5323
5340
5777
5771
5919
5531
4553
4882
5333
4408
4859
4861
4974
5296
5262
5283
4466
5814
5023
4572
4850
4693
4888
4815
4799
4809
5879
6650
6379
6695
7256
7485
7569
7242
7267
7258
5973
6403
6451
6880
6486
5049
5033
6149
6257
6660
5961
4296
4639
4710
5247
4657
4502
5747
5882
6124
4128
5025
5035
5018
5022
5756
5864
5873
5868
4916
4910
5112
5082
5400
5296
5278
5966
5435
4631
5106
3643
4482
4871
5177
5303
5730
5734
4598
4254
3889
3751
4846
4759
4680
4677
4695
5066
5160
5109
5052
4610
4603
4602
4605
4012
3550
3263
3243
3612
3211
3318
3936
4539
4827
5232
5249
5275
5315
4284
3980
4182
4472
4453
4606
4884
4492
3870
5019
4802
4908
5286
5638
7060
7193
7118
6704
7829
8114
8243
7167
5765
6743
6744
6771
6769
6724
7822
6188
4954
5487
4358
4601
5606
5403
6119
6269
5975
5591
5446
4979
5363
5411
5363
5353
5812
5802
5799
5557
4721
3807
4158
3583
4836
5072
5429
5447
5446
4457
3860
3897
4006
3157
3237
4862
4999
5047
5165
5546
4892
4954
3679
3761
3707
3847
3947
3205
5268
5308
5642
5284
3632
3764
4633
4832
4924
4394
3814
4558
5163
4920
3710
4488
4500
4906
4852
4837
3815
3711
3257
3327
3360
4717
4830
4814
4819
4819
4827
4898
5225
5227
6683
7253
7430
7535
7806
5794
5241
5039
4543
4910
3265
4956
4873
5629
6353
6251
5656
4531
4689
5581
4006
4507
5315
5299
5296
5322
5286
5296
5296
5298
4956
5101
5369
5774
5786
5792
5785
6011
5785
5778
5022
5496
5464
5420
4883
4795
5209
4935
3619
3694
3857
4255
4680
5144
5216
5165
5221
5162
5218
5167
3681
4751
4916
5297
5296
3959
3584
3804
4501
5027
3688
4622
5030
4974
4924
5344
5383
4190
4908
5403
3644
3599
4496
4699
5049
5269
5285
4886
3832
3981
5200
5225
5345
5210
5229
5216
5217
5188
5194
5214
5301
4730
5303
6367
6440
7380
7356
6466
7173
7221
5393
5507
6295
6239
6239
6241
6885
6709
6725
6791
4166
3550
5448
6090
6198
6068
6091
6063
5668
4344
3598
4615
4560
5143
5302
5393
5423
4301
3711
4180
5535
4074
3303
3278
3349
3627
4577
4654
4993
5000
4301
4141
4773
4772
5138
5123
5144
5176
5553
5564
4765
5056
5303
5058
4729
4607
5426
5546
5556
5591
5014
4733
4705
4139
3780
3140
4212
4049
3937
3769
3350
4214
4900
5233
5218
5265
5226
5242
5217
5232
4384
4607
4477
3557
3022
3014
2870
3341
4440
4661
5522
5980
6224
6749
7307
7326
7632
7177
5033
6222
6785
6233
6653
6654
6636
6247
4390
3842
5203
5684
3997
5679
5364
6022
6013
6002
6016
6038
5170
5145
4568
4984
4968
5331
5696
5690
5701
5786
5738
5735
3161
4799
5359
5392
5367
5354
5457
5388
5526
5363
4765
4706
4341
5158
5121
5183
5554
5551
5547
4370
4503
4981
5290
5248
5230
5239
5260
5243
5274
5236
3759
4907
5579
4997
3900
3285
3224
4916
5777
5285
3753
3863
4895
4826
4879
5273
5225
5219
5221
4111
5959
4514
4702
4868
5214
5225
5199
5222
4985
4608
5627
5526
6253
7700
6138
6792
7288
8163
7478
6701
6250
6627
6404
5665
6192
6202
6151
6119
6637
5764
5035
5644
6010
5977
6007
6007
5825
4947
5130
4588
3790
4633
4398
4471
5318
5472
5278
5731
5041
3616
3423
3781
4277
4731
4845
5103
4593
3436
3583
4770
4460
4631
5126
5159
6670
6712
4854
4299
5013
4784
3991
4805
4966
5126
4423
5337
5408
5085
5111
5209
3588
3510
4722
4617
4702
4763
4713
4759
5178
5155
3470
4633
4681
4632
4625
5229
4969
3918
3339
3373
3393
4090
4447
4458
4435
4521
3643
3257
4756
5055
5881
6606
6632
6084
5529
5085
5265
4998
4938
5266
4121
3426
5384
6182
6558
6554
6566
6508
6583
6599
4762
5300
5693
5938
5990
5939
6131
5940
4301
4389
4484
4760
5499
5227
5225
5227
5230
5226
5224
5670
3570
4913
5341
5330
4572
3234
3242
3276
5560
3141
4501
4610
5120
5114
5108
5091
5208
5223
4773
4037
4146
4803
4953
5145
5473
5482
5491
5539
5523
5543
3087
3179
4257
4315
3439
3084
3476
3884
3605
3477
4907
4817
4809
4184
3583
3604
4726
4952
5260
5226
3911
4473
4554
4923
5221
5194
5197
5224
5195
5197
4679
6566
6877
6974
6886
6880
5824
5479
6375
5318
4731
5319
5906
6407
6504
6421
6418
7428
6434
6487
4715
5268
5067
5062
5062
5474
5630
5951
5927
4686
3678
3768
4828
4870
4867
4381
3305
2720
3742
3644
3559
3770
4255
4555
4553
4539
4569
4786
4912
5380
2878
2901
3958
4019
4184
4300
4261
4230
4189
5066
4803
5116
5290
5288
5428
5411
5409
5477
5416
5432
4945
4947
4958
4955
4961
5355
5356
4294
3741
3516
3421
3774
3699
4483
4996
4844
4820
5445
4835
4841
3570
4618
4890
4989
4845
4841
4841
4830
4721
3795
6118
4875
4970
4222
3976
3545
3230
4046
4728
3745
5224
5517
5609
5506
4351
3979
3310
2879
3224
3537
3982
3659
3864
3913
3636
4518
5363
5429
5475
5532
4936
5221
5656
5658
5630
5663
5648
5646
5644
5638
3622
3839
3854
4406
4352
3954
3812
3966
4979
4922
3733
3948
3212
3442
3788
3211
4310
5107
5157
5106
4862
3943
3447
3234
3004
2782
2839
2843
2898
2965
3791
4004
4736
4738
4723
4694
5156
5370
4117
4386
4165
4135
4204
4767
5113
5278
4798
3858
2832
3085
4245
4215
4430
4701
4806
4719
3717
3544
3959
4790
4743
6014
6149
6156
5888
6289
6321
6303
6347
6245
4832
4847
5541
7611
7684
7692
5314
3807
4033
4153
3811
4017
4651
4763
5055
5193
5455
5416
5484
5454
4972
4863
4892
5071
4847
5028
5170
5229
5651
4457
4926
5023
5132
5341
5302
5319
5313
5336
5296
5375
4194
4851
4986
4999
5330
5100
5089
5107
5135
5099
4685
4327
5047
3277
3263
3479
4019
4764
4856
4837
3424
3684
3709
4496
4645
5100
5121
5355
5354
5357
3053
3284
2763
3447
3369
4346
4492
4549
4529
4528
3806
4076
4188
4485
4518
4491
4480
4541
4653
4488
5550
6392
6839
6856
7429
7242
7388
7245
7238
7250
5553
5823
6356
6575
6333
6331
5977
5415
5675
5605
3138
4670
3895
4372
5207
4667
4906
5699
5695
5423
4026
4873
5096
5078
5100
5374
5451
4928
5240
5412
3651
4680
5184
6606
7227
7145
7136
7228
7271
4430
4922
5207
5620
5581
5708
5626
5360
3581
3171
5090
3271
3076
3624
4712
5135
5524
5573
4525
3585
3640
4648
4930
5360
5385
5410
5402
5400
5398
5375
5393
4537
4584
4670
4530
4598
4932
4985
4933
4869
4932
3351
3514
3620
4716
5223
5247
5246
5817
5225
5228
